MahadeHassan.VIP
rahmatin.alfa
100010083221784
100010598647476
anaina.partnext
100004198890600
citra.adnin.1
citra.ameliaadnin
100011874603268
100009950772297
100007447819458
100014054436231
100015209628840
100009225132484
100008148874487
100011966388577
100009895576754
100008385942732
100011317120698
100008904132054
100008090221888
100010519082607
100025520236333
100010793448541
100007400287443
100022281400725
100006511274201
100012123428977
100014593995021
100008796221332
100006981398803
100010779858436
100016614618621
100008948535877
100021786842425
100016870447288
100010738476850
100010835412715
100007742797344
100008094107283
100012582213758
100006611206620
100011105915731
100006938800923
100007032428217
100007677769431
100009172436798
100011409626484
100007410974536
100009142667563
100010276695821
100013916915161
100017345680655
100011781407336
100006893463316
100022479127442
100027945609776
100007881184617
100003652778204
100009067642344
100001718735233
100027013186846
100014142313878
100009896503480
100015447368524
100025383512455
100006099910166
100013307385795
100008159918423
100008827656718
100008560878786
100006914118340
100012246945851
100009372391740
100006650976802
100007405415073
100012990138182
100009477996177
100011371135567
100012675645070
100011797432285
100014412091660
100010965604505
100009112956748
100010615330276
100014123959228
100007950664053
100027984364303
100008675887460
100009800237788
100006439002076
100006653940976
100022200243921
100005136254412
100009519755422
100008649725829
100007062138604
100008375442190
100006209267779
100009790962549
100007889523902
100009278063095
100009438365668
100014751121465
100026868300425
100024839864582
100012272207182
100007806667831
100017880002733
100010297999420
100006521615734
100006473640317
100011686235116
100012224196384
100009464376368
100022360030790
100027650713609
100021067398656
100010852147351
100014771100917
100011362115491
100008897317347
100027714669917
100007566858601
100007896220667
100007860033937
100010215075867
100015087133195
100024098844377
100006664571070
100006958863855
100022324684923
100006217085031
100008561526096
100007737191909
100013362012943
100012177753996
100011194638532
100010722694795
100010885532899
100010289020109
100013206004309
100008472036336
100012122592337
100006472980391
100013976505697
100007800877776
100006069703071
100004187988550
100012932567694
100007019978608
100008590989794
100024286701531
100010331706940
100009514085684
100008955422089
100014266864768
100028360728962
100013994328238
100008610255489
100007774149804
100006790651795
100013545330690
100009383952970
100006966979310
100009295488698
100009253227074
100008119684293
100028359544147
100022713856360
100007913107034
100011857022975
100013898618524
100013432394032
100009034742593
100009074792056
100010167125785
100009472488151
100014828776501
100008439857358
100009921730931
100013397647942
100027418303888
100028188127496
100011787456067
100027599194113
100013395516424
100025359647080
1834912167
100010162392334
100013478737355
100013179738490
100022747642335
100008899271995
100010000740684
100012998520904
100024265452904
100025061498166
100011335648328
100025216473403
100012923167338
100010107015989
100021951661472
100025842649961
100024823030639
100026389452254
100025057687560
100009906760735
100016895078086
100023072014786
100010719518916
100010717938711
100006320896467
100023249450706
100008492200249
100007422823163
100006620117542
100006592006981
100009841489065
100020403909516
100010085822915
100008342557090
100021953924442
100027117743078
100009960288257
100021070151228
100006694895599
100008087370447
100014474765515
100008039351980
100010430462819
100007704064625
100017420233623
100023320057535
100026959812196
100010617138975
100020326187505
100009007695444
100018796635969
100007815100050
100006202530505
100027183433512
100012653383075
100028469203371
100014919311116
100026230901046
100026883910789
100007546062463
100027274420591
100005099143949
100013439167163
100024736966898
100025205918364
100028062600702
100015966408464
100008258496631
100008316633170
100011538558747
100023337467742
100025716720979
100011082097980
100024229943931
100009548800417
100007809911727
100024048450765
100014841106878
100027965301579
100012333722459
100005247409244
100008043122443
100026185331833
100005215098469
100025865351996
100027410153482
100024349000374
100010057862518
100006438639474
100010518244070
100016133553795
100012335796681
100007158854520
100027402487164
100024213514048
100007632663172
100018173687809
100026474864077
100026320980632
100028272750519
100009982650805
100007666667570
100011331308238
100025850259738
100007825458312
100021039912511
100010335280691
100027347200258
100014444286640
100008143510267
100024715043747
100008681614698
100016615685435
100011546050624
100013385567822
100010636540768
100008971630866
100010598647476
100007816057327
100011942498064
100001315381527
100026035451543
100004577537076
100009535952433
100015815143804
100024006036202
100005354835563
100022192327251
100016928373297
100025256181433
100024035931259
100027031008368
100019727260138
100009127841367
100020960993655
100022712506587
100007944639654
100012296822007
100005721647146
100027803567438
100012049963751
100022740825658
100009033760671
100009864694488
100010195050933
100011999145530
100009851111955
100007389677030
100008819250791
100010302098960
100027878234662
100010099744021
100014221663760
100010482721584
100008958452975
100007188796278
100010020270212
100006133067194
100008677126227
100011645416435
100009267410928
100010672475808
100012492810885
100011895284937
100010696565504
100011833457735
100026853246753
100012662478729
100013549239701
100014684056442
100011150072228
100008564405635
100014143365319
100009443907574
100007692993018
100014299218377
100009424207560
100010401914103
100025360621682
100007018892314
100010111336780
100013383370313
100012584980610
100007460822459
100012606270747
100009656940951
100009544607283
100012219588135
100010313593274
100009355077895
100010021271496
100008337403552
100017303587936
100014390198165
100007002456202
100006340156791
100010144579105
100025057744745
100009543458381
100006573513086
100008491230429
100007728409056
100013059521751
100009082761756
100010324667411
100010011428518
100009475447515
100009968929654
100009380147655
100009235282107
100011127819461
100007644393880
100015746829441
100006853003959
100015182890265
100021604913756
100009776133367
100011231463954
100024252439629
100010063202085
100007655085683
100015028968693
100012308313047
100010573447187
100007736863559
100012303167819
100009516415213
100010205676664
100007397443778
100009476305083
100012225815756
100010292478299
100009492951859
100012114797489
100007827914585
100011188634427
100017759102493
100006926342596
100014740441696
100009226338438
100010847804690
100022865010488
100014928782872
100007654980389
100007926758388
100025004441897
100008022403824
100014481881684
100009207209390
100009211956460
100007784387056
100027438575563
100009015493501
100007505040864
100011896110159
100022927612872
100012400232895
100008193573604
100009101533822
100006886847997
100016800600438
100012481959655
100013954393059
100009069577763
100006197491758
100007308070640
100007871490917
100008376857623
100008674754459
100006452373376
100009898634908
100023931937423
100014864233779
100009001307569
100006330908260
100009405983838
100006506072823
100007994794813
100014254121753
100007498237461
100012911890827
100008324914266
100007849605694
100014104300139
100015920250789
100008806652030
100009527963685
100021674317035
100007625053293
100009938264072
100012224504983
100005796010727
100009337072084
100013648991604
100008412760416
100014199167082
100008978536856
100009650711221
100010791255993
100010761823533
100026518775846
100024813631200
100024208279812
100014926245893
100007776463419
100008958332116
100010853833149
100012603013301
100024433157918
100007722733632
100021932294179
100009298611151
100006440617734
100012485312832
100010512314425
100010569785669
100006921667797
100010636330571
100011328589323
100007426746900
100005054448894
100009385429550
100016297897789
100006402133978
100006831450267
100011712046256
100011157601396
100013369876320
100010796074761
100013565460995
100013619350782
100008706976188
100007979080890
100009896774304
100006487354247
100010432535709
100012022414671
100011307797895
100010326638519
100012277500521
100015463361502
100009191424745
100006856696363
100008934157936
100010516632516
100009501635809
100020712510488
100010565703456
100008230056029
100014440207093
100010590190457
100024273803170
100009941945836
100008085069932
100009095259951
100010916857805
100013068404674
100012722197308
100010836426545
100009075109924
100023384071212
100008365923700
100023813392063
100026353061521
100014196785737
100009646760005
100011445573483
100007337677998
100021671688103
100011440153625
100010332001432
100011019841602
100016310778564
100006938914010
100009036067767
100014127617062
100011623126906
100007313684646
100009636937879
100010059372952
100008336469417
100006957962988
100024867492446
100007317339357
100010963923096
100009463206492
100011360294487
100010290788555
100010964437833
100009287520039
100009324957483
100009323230472
100013954655387
100009434760700
100017371234611
100023573106787
100008601764606
100006764315675
100010180211419
100011314508447
100007816898593
100013098331323
100014151377552
100008136582255
100007318181302
100008863249462
100024886410481
100024448966059
100025661532818
100028489264481
100026524791572
100028501905324
100014921535706
100007665248542
100027100743807
100026241581789
100028292811811
100028423550709
100026235695051
100022665442029
100028078959458
100017534435846
100028241229294
100028601047346
100024251869670
100027803491570
100020968907131
100024379790768
100028473402610
100028469834496
100008134152391
100028642353731
100028347863676
100015296320109
100028047589548
100028376177559
100028610584316
100028447031020
100028397448417
100028019032573
100027477378909
100025849552536
100016362909750
100028564202830
100025510741486
100028048191751
100022980483990
100016070773943
100027773090145
100024081288388
100017317239334
100028324368567
100028115407438
100028408693697
100011740875308
100028506280023
100027270540461
100025929406767
100027531842530
100009264285355
100028160985450
100028160803029
100007097626994
100028244393699
100028427832185
100021887715473
100006252150307
100005943916479
100006174467334
100009908116727
100004345038176
100026969692890
100016912360758
100000439933164
100016242942982
100028508641620
100028374694868
100028242827501
100028239767219
100027940059596
100024590420413
100008471476324
100027421298399
100026687912524
100009729138583
100011134902716
100026718674140
100011072717449
100018250266020
100014282142182
100027485980924
100008786561832
100023310674870
100016085351485
100024540670387
100006422700654
100004329603715
100002392345627
100007708684356
100028449600400
100028095260734
100012990187985
100008523182760
100023374309056
100022030299971
100013790732538
100028178108688
100026598630865
100025292753290
100015374746730
100026000890583
100027260820706
100009242210585
100016564639138
100016551907186
100026258658466
100025753927467
100026695365583
100015969905606
100026944373158
100027067899824
100011929773475
100011374612193
100024824070411
100018356491494
100011580228835
100006754158232
100008731238924
100007411219492
100014849772767
100007434600485
100010870841539
100009369291308
100025943224229
100006830207587
100014406910471
100019121071634
100007913779095
100024667633985
100025329938194
100010758750771
100016474055689
100014376074094
100021410885066
100022306231063
100021546031991
100013682534106
100024305947928
100010383734223
100009313943333
100006621698575
100008349871763
100007732058928
100010131667770
100011112902161
100022153714639
100016656069749
100013366263141
100013584162656
100014974002724
100021796954034
100020930992488
100010129124645
100018315944888
100009157959521
100018111337464
100015113894009
100017808128656
100015167431694
100012323821708
100010175565106
100016958442094
100011763848909
100008833602140
100009544516568
100010129635935
100012307757642
100008317054186
100016563995195
100009242068892
100011515204101
100014246011148
100006733788192
100012781366502
100016181444885
100016380428840
100010006475200
100013650578523
100012232368842
100007671692650
100016167796360
100016056698637
100013435053350
100007985131288
100016172529071
100011413285117
100007209679485
100009663318900
100011814184500
100009197868333
100013616713412
100010949761728
100012266293561
100008577810477
100015959583600
100015748126416
100015323147953
100015912690133
100015856052998
100015708642392
100015749889156
100007513921310
100015611867775
100014284480131
100015587504029
100015528887961
100013906662815
100013586536563
100014736278630
100015526513753
100015478248302
100012797644124
100014727393446
100013125457884
100014906650041
100013300124703
100015211562178
100014753168038
100014097459382
100015099157919
100010137903740
100014932262859
100007995365829
100009334430342
100011495295319
100009651100971
100005882622862
100013683249434
100014874466795
100014885615494
100009385869404
100014085707622
100013811166350
100012555605018
100010048122968
100012719253686
100014048499947
100010643253982
100014938568833
100014804776483
100012296677385
100011080572285
100012086419417
100009780005619
100009327592023
100013141623650
100012083117332
100014638805494
100013193881547
100014562882618
100010449575765
100013943323128
100009794658258
100014185904146
100009342798026
100014118311374
100013344611042
100009889986003
100009127577839
100007463447854
100011569489318
100014237434557
100013689571000
100014087864840
100006672616288
100011061426900
100014189886606
100013635271019
100013676599149
100013806784756
100013597868912
100013346958144
100012595711621
100013120458114
100009306563371
100013031101488
100011113987260
100012259440744
100010774655210
100012978097312
100013339231444
100006894696307
100013109116475
100013106808593
100009853741102
100009167732762
100013138875011
100013136565114
100007190559059
100013200845434
100010436858144
100012061605643
100012412753220
100012764052445
100009095926850
100013083187853
100006594615203
100010091312794
100012917476968
100009341843078
100012994271429
100012948042270
100010997021170
100009633884034
100012623739758
100011020604865
100011532396700
100012835057276
100012436966744
100009007091844
100011837916981
100012454819166
100010979582121
100009394754751
100012657318287
100010079809199
100010040802094
100007875810865
100012789967437
100012843063458
100012739503943
100012301661479
100012672647943
100012680807728
100009022436598
100012840630242
100012152314489
100012611228923
100009149271862
100010347073915
100009653061410
100011364369988
100009432775742
100009811740194
100012714008573
100011399118464
100011768041927
100011935545437
100012412488776
100012666872200
100012275922835
100012506440183
100011697100804
100010859832761
100009312864994
100012442186407
100009608974423
100010158421870
100009187586647
100007410158299
100012410346046
100010531157808
100011690415594
100012578401142
100009821053749
100010068367910
100009153148917
100011545112334
100011327365713
100011740210087
100011547731962
100011462078303
100008863696307
100008720778591
100012184547843
100011313367099
100007449964034
100011659234554
100006582706470
100012052659438
100009676394804
100010150996519
100010466591481
100011225014667
100007832748913
100007035407688
100008052429984
100012188983823
100007709584983
100012384077600
100012016631411
100010551106203
100009410712731
100012259215099
100009130592291
100008420410047
100007455108493
100012406238772
100010451412702
100011439945566
100011973709518
100009215304153
100009027779180
100010511442829
100007444576088
100012376144783
100012269977330
100012329494277
100010544717283
100009253551048
100010091204820
100012336727486
100009082435019
100011618592866
100009724711621
100009132783519
100009466593818
100012472872784
100009118914978
100011666840543
100010524225139
100012605491159
100009322247904
100012436905120
100012395988078
100007987830542
100009793872249
100011730677003
100012101562897
100010438057153
100012011117776
100010422885899
100012271573337
100012419073166
100010471291876
100011450362436
100010307410760
100010958221278
100006750964326
100011578542600
100012198783155
100011567899415
100009261899339
100008279054679
100012005921649
100011690045893
100007339098875
100009712141053
100008616840618
100011310132394
100011040668506
100010562133825
100011029842722
100008577240825
100008543469013
100010326580945
100009637837994
100007953937267
100009253527314
100007495721610
100008959690223
100011260656855
100009409403857
100011388997888
100008324925204
100010848010941
100009943063428
100007300774606
100011484400727
100011476991977
100011467001629
100004823312938
100009547989251
100009009493034
100010905108768
100010017854744
100010835045372
100010227512132
100011279473320
100011195928258
100006203988859
100011435523049
100009665534910
100011290418761
100010287466812
100010873237997
100011184122233
100009126151014
100009652232688
100009469521395
100009295145427
100011106614612
100009400074727
100011017638511
100011176200298
100010043850642
100010442176720
100007123601309
100009748185739
100007891572386
100009137560714
100010276664005
100010868050043
100010442170768
100010748431425
100010658508604
100007090776847
100007908639710
100008416802400
100009560295261
100010560524265
100009500825648
100010521521814
100010613312222
100010494555695
100009038003587
100009656651080
100010529564305
100010564297321
100010400088051
100010377764223
100009443213001
100010142589273
100010205559225
100009658200278
100008112948842
100005782395052
100008190640816
100009823455457
100007179827804
100010108022348
100007101304317
100006514475255
100009952712816
100008072922519
100008126896269
100009287124917
100009622327533
100009642368440
100007436027489
100009083887487
100009419054212
100009420969641
100009406541671
100009087551846
100007064470953
100008646102224
100008362302492
100007623840943
100008855163041
100009422170570
100008983688919
100006289127076
100008841361738
100008540251685
100008430885829
100008839064950
100008806562914
100008382398275
100008922008799
100009035154922
100006000272506
100009156605788
100008499935908
100007890404622
100007914693230
100008828349081
100009041256390
100009008144719
100009058090824
100008852886637
100009000123701
100008805607347
100008516260585
100007412566293
100006126272907
100008329457330
100008819971507
100007372959000
100006489067828
100008243505094
100008522289944
100008505497923
100006767238119
100007576866623
100007141818123
100008078742798
100007839795109
100004893408552
100008037945381
100006399698988
100006180287954
100007938556416
100007661268127
100007170270686
100008020782240
100008163136602
100006217872158
100006187725129
100008233987698
100006850486762
100008336595756
100008265465816
100006808186678
100008238738932
100008172122992
100006593464187
100008356876621
100008054374370
100007773693724
100006466346993
100006927273475
100008030883684
100007919974354
100006849492869
100008140327838
100008141289069
100007829285685
100007139029424
100005998245617
100008032962781
100007490471988
100008046906821
100005912580643
100006752884428
100007199613315
100008106999398
100008017811314
100008090260959
100007959909158
100008076843113
100006465913480
100008057014192
100007836943854
100008078345377
100006782612863
100007735873572
100008053443973
100008072949932
100006776317653
100006519188578
100007666542948
100007143104242
100006404171846
100006492974628
100006418538094
100007920702382
100007720055227
100007735153778
100007632996470
100007856400164
100006483214227
100006835480185
100007579299102
100006883718355
100006074252807
100007537030347
100006940808805
100007857343450
